78 1972 1
2 24734 3 24734 4 52560 5 68019 6 40193 7 55652 8 49468 9 3092 10 21642 11 15459 12 3092 13 3092 14 3092 15 3092 16 3092 17 3092 18 3092 19 3092 20 3092 21 3092 22 3092 23 3092 24 3092 25 18551 26 3092 27 3092 28 3092 29 61835 30 3092 31 49468 32 71111 33 64927 34 3092 35 3092 36 3092 37 3092 38 40193 39 3092 40 43285 41 68019 42 64927 43 3092 44 6184 45 3092 46 3092 47 52560 48 3092 49 46376 50 83478 51 61835 52 3092 53 3092 54 3092 55 18551 56 12367 58 15459 59 12367 60 12367 61 3092 62 30918 64 37101 65 74202 66 68019 67 3092 68 30918 69 3092 70 12367 71 52560 72 37101 74 3092 75 3092 76 3092 77 6184 78 3092 
1 24734 3 80386 4 21642 5 15459 6 6184 7 9275 8 24734 10 24734 11 77294 25 68019 29 30918 31 34009 32 15459 33 30918 38 49468 40 40193 41 21642 42 40193 47 27826 49 30918 50 24734 51 34009 55 74202 56 34009 58 37101 59 34009 60 61835 62 52560 64 30918 65 18551 66 30918 68 71111 70 52560 71 9275 72 15459 73 3092 
1 24734 2 80386 4 18551 5 18551 6 6184 7 12367 8 30918 10 30918 11 74202 25 64927 29 34009 31 30918 32 15459 33 30918 38 55652 40 40193 41 21642 42 43285 47 27826 49 37101 50 24734 51 27826 55 77294 56 34009 58 37101 59 34009 60 58744 62 52560 64 37101 65 18551 66 30918 68 77294 70 52560 71 12367 72 21642 73 3092 
1 52560 2 21642 3 18551 5 46376 6 37101 7 46376 8 30918 10 12367 11 21642 25 18551 29 40193 31 34009 32 46376 33 37101 38 27826 40 21642 41 43285 42 37101 47 34009 49 27826 50 46376 51 40193 55 18551 56 9275 58 9275 59 12367 60 18551 62 18551 64 24734 65 49468 66 37101 68 30918 70 21642 71 49468 72 34009 73 3092 76 3092 
1 68019 2 15459 3 18551 4 46376 6 52560 7 52560 8 49468 9 3092 10 12367 11 9275 12 3092 13 3092 14 3092 15 3092 16 3092 17 3092 18 3092 19 3092 20 3092 21 3092 22 3092 23 3092 24 3092 25 12367 26 3092 27 3092 28 3092 29 52560 30 3092 31 43285 32 74202 33 64927 34 3092 35 3092 36 3092 37 3092 38 37101 39 3092 40 43285 41 74202 42 58744 43 3092 44 3092 45 3092 46 3092 47 55652 48 3092 49 46376 50 77294 51 61835 52 3092 53 3092 54 3092 55 15459 56 3092 58 9275 59 6184 60 6184 61 3092 62 15459 64 46376 65 74202 66 64927 67 3092 68 18551 69 3092 70 9275 71 55652 72 40193 74 3092 75 3092 76 3092 77 3092 78 3092 
1 40193 2 6184 3 6184 4 37101 5 52560 7 68019 8 37101 9 9275 10 6184 11 6184 12 9275 13 9275 14 9275 15 9275 16 9275 17 9275 18 9275 19 6184 20 9275 21 9275 22 9275 23 9275 24 6184 25 6184 26 3092 27 6184 28 3092 29 37101 30 3092 31 30918 32 49468 33 30918 34 3092 35 3092 36 3092 37 3092 38 21642 39 3092 40 21642 41 40193 42 27826 43 3092 44 3092 45 3092 46 3092 47 40193 48 3092 49 27826 50 40193 51 30918 52 3092 53 9275 54 9275 55 6184 56 3092 57 3092 58 6184 59 6184 60 6184 61 9275 62 6184 63 6184 64 24734 65 49468 66 27826 67 3092 68 6184 69 9275 70 6184 71 61835 72 46376 74 9275 75 3092 76 3092 77 6184 78 3092 
1 55652 2 9275 3 12367 4 46376 5 52560 6 68019 8 40193 9 3092 10 3092 11 9275 12 3092 13 3092 14 3092 15 3092 16 3092 17 3092 18 3092 19 3092 20 3092 21 3092 22 3092 23 3092 24 3092 25 9275 26 3092 27 3092 28 3092 29 43285 30 3092 31 37101 32 61835 33 37101 34 3092 35 3092 36 3092 37 3092 38 27826 39 3092 40 24734 41 46376 42 37101 43 3092 44 3092 45 3092 46 3092 47 34009 48 3092 49 30918 50 52560 51 34009 52 3092 53 3092 54 3092 55 9275 56 6184 58 3092 59 3092 60 6184 61 3092 62 12367 64 21642 65 52560 66 40193 67 3092 68 12367 69 3092 70 6184 71 74202 72 52560 74 3092 75 3092 76 3092 77 3092 78 3092 
1 49468 2 24734 3 30918 4 30918 5 49468 6 37101 7 40193 9 3092 10 15459 11 18551 12 6184 13 6184 14 3092 15 3092 16 3092 17 3092 18 6184 19 3092 20 6184 21 3092 22 3092 23 3092 24 6184 25 24734 26 6184 27 6184 28 6184 29 77294 30 6184 31 74202 32 43285 33 43285 34 6184 35 6184 36 6184 37 3092 38 52560 39 6184 40 71111 41 40193 42 46376 43 3092 44 6184 45 6184 46 6184 47 64927 48 3092 49 80386 50 52560 51 40193 52 6184 53 3092 54 3092 55 27826 56 9275 58 12367 59 9275 60 18551 61 3092 62 30918 64 71111 65 43285 66 43285 67 3092 68 34009 69 6184 70 18551 71 40193 72 74202 74 3092 75 6184 76 6184 77 6184 78 6184 
1 3092 5 3092 6 9275 7 3092 8 3092 10 9275 12 61835 13 46376 14 89661 15 77294 16 86569 17 71111 18 34009 19 43285 20 52560 21 49468 22 61835 23 58744 24 46376 26 9275 27 12367 28 6184 29 3092 30 6184 32 3092 34 6184 35 9275 36 6184 37 6184 39 6184 43 6184 44 12367 45 9275 46 6184 48 9275 50 3092 52 6184 53 40193 54 27826 57 55652 61 37101 63 12367 65 3092 67 6184 69 27826 71 3092 72 3092 73 6184 74 58744 75 15459 76 6184 77 12367 78 6184 
1 21642 2 24734 3 30918 4 12367 5 12367 6 6184 7 3092 8 15459 9 9275 11 27826 12 12367 13 9275 14 9275 15 9275 16 12367 17 9275 18 9275 19 9275 20 9275 21 12367 22 6184 23 6184 24 9275 25 34009 28 3092 29 12367 30 3092 31 12367 32 9275 33 24734 34 3092 37 3092 38 21642 40 12367 41 15459 42 24734 43 3092 46 3092 47 15459 49 18551 50 15459 51 24734 52 3092 53 6184 54 3092 55 34009 56 40193 57 15459 58 49468 59 46376 60 27826 61 9275 62 37101 63 3092 64 12367 65 15459 66 24734 68 27826 69 3092 70 27826 71 6184 72 12367 73 6184 74 6184 76 6184 
1 15459 2 77294 3 74202 4 21642 5 9275 6 6184 7 9275 8 18551 10 27826 25 80386 29 21642 31 21642 32 12367 33 21642 38 46376 40 24734 41 12367 42 30918 47 18551 49 27826 50 15459 51 21642 55 74202 56 43285 58 40193 59 43285 60 74202 62 49468 64 21642 65 12367 66 21642 68 61835 70 61835 71 9275 72 15459 73 6184 76 3092 
1 3092 5 3092 6 9275 7 3092 8 6184 9 61835 10 12367 13 61835 14 68019 15 52560 16 68019 17 71111 18 58744 19 55652 20 61835 21 52560 22 71111 23 61835 24 55652 26 9275 27 12367 28 12367 29 3092 30 12367 32 3092 34 12367 35 9275 36 12367 37 9275 39 12367 43 6184 44 12367 45 15459 46 12367 48 12367 50 3092 52 9275 53 40193 54 27826 57 43285 61 46376 63 9275 65 3092 67 9275 69 30918 71 3092 72 3092 73 6184 74 55652 75 12367 76 9275 77 18551 78 12367 
1 3092 5 3092 6 9275 7 3092 8 6184 9 46376 10 9275 12 61835 14 43285 15 43285 16 49468 17 49468 18 52560 19 58744 20 55652 21 64927 22 58744 23 52560 24 49468 26 15459 27 18551 28 9275 29 3092 30 9275 32 3092 34 9275 35 15459 36 9275 37 6184 39 9275 43 6184 44 15459 45 12367 46 9275 48 9275 50 3092 52 9275 53 43285 54 37101 57 34009 61 40193 63 12367 65 3092 67 9275 69 37101 71 3092 72 3092 73 6184 74 49468 75 18551 76 9275 77 15459 78 9275 
1 3092 5 3092 6 9275 7 3092 8 3092 9 89661 10 9275 12 68019 13 43285 15 71111 16 83478 17 77294 18 37101 19 46376 20 58744 21 49468 22 61835 23 64927 24 49468 26 9275 27 12367 28 6184 29 3092 30 6184 32 3092 34 6184 35 9275 36 6184 37 6184 39 6184 43 6184 44 12367 45 9275 46 6184 48 9275 50 3092 52 6184 53 43285 54 24734 57 52560 61 37101 63 9275 65 3092 67 6184 69 30918 71 3092 72 3092 73 6184 74 64927 75 12367 76 6184 77 12367 78 6184 
1 3092 5 3092 6 9275 7 3092 8 3092 9 77294 10 9275 12 52560 13 43285 14 71111 16 71111 17 61835 18 30918 19 37101 20 40193 21 40193 22 49468 23 46376 24 40193 26 9275 27 12367 28 9275 29 3092 30 6184 32 3092 34 9275 35 12367 36 6184 37 12367 39 6184 43 9275 44 12367 45 9275 46 6184 48 9275 50 3092 52 9275 53 30918 54 24734 57 49468 61 34009 63 12367 65 3092 67 6184 69 27826 71 3092 72 3092 73 12367 74 43285 75 15459 76 9275 77 12367 78 6184 
1 3092 5 3092 6 9275 7 3092 8 3092 9 86569 10 12367 12 68019 13 49468 14 83478 15 71111 17 71111 18 37101 19 46376 20 55652 21 49468 22 61835 23 55652 24 40193 26 12367 27 12367 28 9275 29 3092 30 9275 32 3092 34 6184 35 12367 36 6184 37 6184 39 6184 43 6184 44 15459 45 12367 46 6184 48 12367 50 3092 52 9275 53 43285 54 24734 57 49468 61 43285 63 9275 65 3092 67 6184 69 27826 71 3092 72 3092 73 6184 74 55652 75 12367 76 6184 77 15459 78 6184 
1 3092 5 3092 6 9275 7 3092 8 3092 9 71111 10 9275 12 71111 13 49468 14 77294 15 61835 16 71111 18 43285 19 46376 20 55652 21 46376 22 71111 23 74202 24 52560 26 6184 27 9275 28 9275 29 3092 30 9275 32 3092 34 9275 35 6184 36 9275 37 9275 39 9275 43 6184 44 9275 45 12367 46 9275 48 12367 50 3092 52 6184 53 43285 54 24734 57 43285 61 37101 63 9275 65 3092 67 9275 69 30918 71 3092 72 3092 73 6184 74 58744 75 9275 76 6184 77 15459 78 9275 
1 3092 5 3092 6 9275 7 3092 8 6184 9 34009 10 9275 12 58744 13 52560 14 37101 15 30918 16 37101 17 43285 19 74202 20 64927 21 58744 22 52560 23 58744 24 58744 26 12367 27 15459 28 12367 29 3092 30 15459 32 3092 34 12367 35 12367 36 15459 37 9275 39 18551 43 6184 44 15459 45 18551 46 15459 48 12367 50 3092 52 15459 53 34009 54 21642 57 24734 61 37101 63 9275 65 3092 67 9275 69 27826 71 3092 72 3092 73 6184 74 49468 75 15459 76 9275 77 24734 78 18551 
1 3092 5 3092 6 6184 7 3092 8 3092 9 43285 10 9275 12 55652 13 58744 14 46376 15 37101 16 46376 17 46376 18 74202 20 68019 21 61835 22 52560 23 61835 24 55652 26 12367 27 15459 28 6184 29 3092 30 6184 32 3092 34 6184 35 12367 36 9275 37 6184 39 6184 43 6184 44 15459 45 12367 46 6184 48 15459 50 3092 52 6184 53 37101 54 18551 57 30918 61 24734 63 6184 65 3092 67 6184 69 24734 71 3092 72 3092 73 6184 74 52560 75 15459 76 6184 77 15459 78 9275 
1 3092 5 3092 6 9275 7 3092 8 6184 9 52560 10 9275 12 61835 13 55652 14 58744 15 40193 16 55652 17 55652 18 64927 19 68019 21 64927 22 55652 23 74202 24 64927 26 15459 27 15459 28 9275 29 3092 30 12367 32 3092 34 9275 35 15459 36 9275 37 6184 39 9275 43 6184 44 15459 45 12367 46 9275 48 9275 50 3092 52 9275 53 40193 54 21642 57 34009 61 34009 63 9275 65 3092 67 6184 69 34009 71 3092 72 3092 73 6184 74 71111 75 15459 76 9275 77 15459 78 9275 
1 3092 5 3092 6 9275 7 3092 8 3092 9 49468 10 12367 12 52560 13 64927 14 49468 15 40193 16 49468 17 46376 18 58744 19 61835 20 64927 22 55652 23 52560 24 46376 26 9275 27 12367 28 6184 29 3092 30 6184 32 3092 34 6184 35 9275 36 6184 37 6184 39 6184 43 6184 44 12367 45 9275 46 6184 48 9275 50 3092 52 6184 53 43285 54 30918 55 3092 57 30918 58 3092 59 3092 61 37101 63 12367 65 3092 67 6184 69 30918 71 3092 72 3092 73 12367 74 61835 75 15459 76 6184 77 12367 78 6184 
1 3092 5 3092 6 9275 7 3092 8 3092 9 61835 10 6184 12 71111 13 58744 14 61835 15 49468 16 61835 17 71111 18 52560 19 52560 20 55652 21 55652 23 68019 24 58744 26 6184 27 9275 28 9275 29 3092 30 9275 32 3092 34 9275 35 6184 36 9275 37 9275 39 9275 43 6184 44 9275 45 12367 46 9275 48 12367 50 3092 52 6184 53 43285 54 27826 57 37101 61 43285 63 9275 65 3092 67 9275 69 27826 71 3092 72 3092 73 6184 74 61835 75 9275 76 6184 77 15459 78 9275 
1 3092 5 3092 6 9275 7 3092 8 3092 9 58744 10 6184 12 61835 13 52560 14 64927 15 46376 16 55652 17 74202 18 58744 19 61835 20 74202 21 52560 22 68019 24 68019 26 6184 27 12367 28 9275 29 3092 30 9275 32 3092 34 9275 35 6184 36 12367 37 9275 39 9275 43 6184 44 9275 45 12367 46 9275 48 12367 50 3092 52 6184 53 43285 54 21642 57 37101 61 24734 63 9275 65 3092 67 9275 69 30918 71 3092 72 3092 73 6184 74 64927 75 12367 76 6184 77 15459 78 12367 
1 3092 5 3092 6 6184 7 3092 8 6184 9 46376 10 9275 12 55652 13 49468 14 49468 15 40193 16 40193 17 52560 18 58744 19 55652 20 64927 21 46376 22 58744 23 68019 26 9275 27 9275 28 12367 29 3092 30 9275 32 3092 34 12367 35 12367 36 9275 37 12367 39 9275 43 6184 44 9275 45 12367 46 12367 48 9275 50 3092 52 9275 53 24734 54 18551 56 3092 57 40193 58 3092 59 3092 61 21642 63 6184 65 3092 67 12367 69 21642 71 3092 72 3092 73 9275 74 49468 75 12367 76 15459 77 12367 78 9275 
1 18551 2 68019 3 64927 4 18551 5 12367 6 6184 7 9275 8 24734 10 34009 11 80386 29 27826 31 27826 32 12367 33 21642 38 46376 40 30918 41 15459 42 30918 47 24734 49 34009 50 18551 51 21642 55 71111 56 46376 58 49468 59 46376 60 77294 62 58744 64 27826 65 15459 66 24734 68 58744 70 61835 71 9275 72 18551 73 3092 
1 3092 5 3092 6 3092 7 3092 8 6184 9 9275 12 9275 13 15459 14 9275 15 9275 16 12367 17 6184 18 12367 19 12367 20 15459 21 9275 22 6184 23 6184 24 9275 27 68019 28 43285 29 3092 30 77294 32 3092 34 40193 35 74202 36 68019 37 34009 39 71111 43 24734 44 68019 45 64927 46 46376 48 61835 50 3092 52 40193 53 34009 54 3092 57 3092 61 18551 63 15459 65 3092 67 52560 69 40193 71 3092 72 3092 73 6184 74 12367 75 64927 76 27826 77 55652 78 68019 
1 3092 5 3092 6 6184 7 3092 8 6184 9 12367 12 12367 13 18551 14 12367 15 12367 16 12367 17 9275 18 15459 19 15459 20 15459 21 12367 22 9275 23 12367 24 9275 26 68019 28 40193 29 3092 30 52560 32 3092 34 40193 35 68019 36 80386 37 40193 39 55652 43 27826 44 64927 45 61835 46 46376 48 61835 50 3092 52 37101 53 37101 54 9275 57 3092 61 27826 63 24734 65 3092 67 49468 69 49468 71 3092 72 3092 73 9275 74 15459 75 71111 76 30918 77 64927 78 68019 
1 3092 5 3092 6 3092 7 3092 8 6184 9 6184 10 3092 12 12367 13 9275 14 6184 15 9275 16 9275 17 9275 18 12367 19 6184 20 9275 21 6184 22 9275 23 9275 24 12367 26 43285 27 40193 29 3092 30 61835 32 3092 34 89661 35 43285 36 40193 37 80386 39 49468 43 61835 44 34009 45 37101 46 77294 48 37101 50 3092 52 80386 53 21642 54 6184 61 15459 63 12367 65 3092 67 68019 69 24734 71 3092 72 3092 73 27826 74 9275 75 40193 76 68019 77 40193 78 43285 
1 61835 2 30918 3 34009 4 40193 5 52560 6 37101 7 43285 8 77294 9 3092 10 12367 11 21642 12 3092 13 3092 14 3092 15 3092 16 3092 17 3092 18 3092 19 3092 20 3092 21 3092 22 3092 23 3092 24 3092 25 27826 26 3092 27 3092 28 3092 30 3092 31 77294 32 52560 33 49468 34 3092 35 3092 36 3092 37 3092 38 61835 39 3092 40 71111 41 49468 42 61835 43 3092 44 3092 45 3092 46 3092 47 64927 48 3092 49 74202 50 61835 51 46376 52 3092 53 3092 54 3092 55 34009 56 9275 58 12367 59 9275 60 21642 61 3092 62 37101 64 64927 65 55652 66 52560 67 3092 68 43285 69 3092 70 18551 71 40193 72 58744 74 3092 75 3092 76 3092 77 3092 78 3092 
1 3092 5 3092 6 3092 7 3092 8 6184 9 6184 10 3092 12 12367 13 9275 14 6184 15 6184 16 9275 17 9275 18 15459 19 6184 20 12367 21 6184 22 9275 23 9275 24 9275 26 77294 27 52560 28 61835 29 3092 32 3092 34 58744 35 64927 36 61835 37 52560 39 80386 43 40193 44 55652 45 58744 46 55652 48 58744 50 3092 52 52560 53 27826 54 6184 61 18551 63 12367 65 3092 67 52560 69 34009 71 3092 72 3092 73 15459 74 9275 75 58744 76 43285 77 52560 78 61835 
1 49468 2 34009 3 30918 4 34009 5 43285 6 30918 7 37101 8 74202 10 12367 11 21642 25 27826 29 77294 32 49468 33 49468 38 68019 40 83478 41 46376 42 52560 47 64927 49 77294 50 52560 51 46376 55 34009 56 12367 58 15459 59 12367 60 21642 62 40193 64 74202 65 49468 66 49468 68 40193 70 21642 71 37101 72 61835 
1 71111 2 15459 3 15459 4 46376 5 74202 6 49468 7 61835 8 43285 9 3092 10 9275 11 12367 12 3092 13 3092 14 3092 15 3092 16 3092 17 3092 18 3092 19 3092 20 3092 21 3092 22 3092 23 3092 24 3092 25 12367 26 3092 27 3092 28 3092 29 52560 30 3092 31 49468 33 71111 34 3092 35 3092 36 3092 37 3092 38 37101 39 3092 40 40193 41 77294 42 64927 43 3092 44 3092 45 3092 46 3092 47 46376 48 3092 49 40193 50 83478 51 64927 52 3092 53 3092 54 3092 55 12367 56 6184 58 6184 59 6184 60 9275 61 3092 62 18551 64 34009 65 77294 66 64927 67 3092 68 18551 69 3092 70 9275 71 61835 72 43285 74 3092 75 3092 76 3092 77 3092 78 3092 
1 64927 2 30918 3 30918 4 37101 5 64927 6 30918 7 37101 8 43285 10 24734 11 21642 25 21642 29 49468 31 49468 32 71111 38 46376 40 46376 41 77294 42 83478 47 55652 49 46376 50 77294 51 89661 55 27826 56 12367 58 18551 59 15459 60 15459 62 24734 64 43285 65 71111 66 83478 68 34009 70 15459 71 46376 72 34009 
1 3092 5 3092 6 3092 7 3092 8 6184 9 6184 10 3092 12 12367 13 9275 14 6184 15 9275 16 6184 17 9275 18 12367 19 6184 20 9275 21 6184 22 9275 23 9275 24 12367 26 40193 27 40193 28 89661 29 3092 30 58744 32 3092 35 40193 36 43285 37 77294 39 49468 43 64927 44 30918 45 34009 46 77294 48 34009 50 3092 52 80386 53 18551 54 6184 61 15459 63 12367 65 3092 67 74202 69 24734 71 3092 72 3092 73 27826 74 9275 75 40193 76 71111 77 37101 78 43285 
1 3092 5 3092 6 3092 7 3092 8 6184 9 9275 12 9275 13 15459 14 9275 15 12367 16 12367 17 6184 18 12367 19 12367 20 15459 21 9275 22 6184 23 6184 24 12367 26 74202 27 68019 28 43285 29 3092 30 64927 32 3092 34 40193 36 68019 37 43285 39 61835 43 27826 44 68019 45 68019 46 37101 48 64927 50 3092 52 40193 53 34009 54 6184 57 3092 61 21642 63 21642 65 3092 67 43285 69 46376 71 3092 72 3092 73 9275 74 12367 75 74202 76 30918 77 61835 78 64927 
1 3092 5 3092 6 3092 7 3092 8 6184 9 6184 12 12367 13 9275 14 6184 15 6184 16 6184 17 9275 18 15459 19 9275 20 9275 21 6184 22 9275 23 12367 24 9275 26 68019 27 80386 28 40193 29 3092 30 61835 32 3092 34 43285 35 68019 37 40193 39 64927 43 24734 44 71111 45 74202 46 49468 48 74202 50 3092 52 34009 53 34009 54 6184 61 24734 63 21642 65 3092 67 49468 69 43285 71 3092 72 3092 73 6184 74 9275 75 74202 76 27826 77 71111 78 80386 
1 3092 5 3092 6 3092 7 3092 8 3092 9 6184 10 3092 12 9275 13 6184 14 6184 15 12367 16 6184 17 9275 18 9275 19 6184 20 6184 21 6184 22 9275 23 9275 24 12367 26 34009 27 40193 28 80386 29 3092 30 52560 32 3092 34 77294 35 43285 36 40193 39 43285 43 61835 44 30918 45 34009 46 71111 48 37101 50 3092 52 68019 53 18551 54 15459 61 18551 63 21642 65 3092 67 64927 69 24734 71 3092 72 3092 73 34009 74 9275 75 40193 76 68019 77 37101 78 46376 
1 40193 2 49468 3 55652 4 27826 5 37101 6 21642 7 27826 8 52560 10 21642 11 46376 25 46376 29 61835 31 68019 32 37101 33 46376 40 71111 41 40193 42 55652 47 49468 49 64927 50 43285 51 43285 55 52560 56 18551 58 21642 59 18551 60 40193 62 49468 64 64927 65 40193 66 46376 68 58744 70 30918 71 27826 72 37101 73 3092 
1 3092 5 3092 6 3092 7 3092 8 6184 9 6184 12 12367 13 9275 14 6184 15 6184 16 6184 17 9275 18 18551 19 6184 20 9275 21 6184 22 9275 23 9275 24 9275 26 71111 27 55652 28 49468 29 3092 30 80386 32 3092 34 49468 35 61835 36 64927 37 43285 43 30918 44 58744 45 61835 46 52560 48 61835 50 3092 52 46376 53 24734 54 3092 61 21642 63 12367 65 3092 67 49468 69 37101 71 3092 72 3092 73 9275 74 9275 75 64927 76 34009 77 58744 78 68019 
1 43285 2 40193 3 40193 4 21642 5 43285 6 21642 7 24734 8 71111 10 12367 11 24734 25 30918 29 71111 31 83478 32 40193 33 46376 38 71111 41 43285 42 49468 47 64927 49 83478 50 49468 51 43285 55 37101 56 15459 58 18551 59 15459 60 24734 62 46376 64 86569 65 40193 66 46376 68 46376 70 24734 71 24734 72 52560 
1 68019 2 21642 3 21642 4 43285 5 74202 6 40193 7 46376 8 40193 10 15459 11 12367 25 15459 29 49468 31 46376 32 77294 33 77294 38 40193 40 43285 42 71111 47 58744 49 43285 50 77294 51 71111 55 18551 56 6184 58 12367 59 9275 60 9275 62 24734 64 43285 65 74202 66 74202 68 24734 70 12367 71 55652 72 30918 
1 64927 2 40193 3 43285 4 37101 5 58744 6 27826 7 37101 8 46376 10 24734 11 30918 25 30918 29 61835 31 52560 32 64927 33 83478 38 55652 40 49468 41 71111 47 55652 49 49468 50 74202 51 80386 55 37101 56 15459 58 18551 59 15459 60 24734 62 34009 64 43285 65 68019 66 83478 68 46376 70 21642 71 40193 72 34009 
1 3092 5 3092 6 3092 7 3092 8 3092 9 6184 10 3092 12 6184 13 6184 14 6184 15 9275 16 6184 17 6184 18 6184 19 6184 20 6184 21 6184 22 6184 23 6184 24 6184 26 24734 27 27826 28 61835 29 3092 30 40193 32 3092 34 64927 35 27826 36 24734 37 61835 39 30918 44 24734 45 24734 46 52560 48 24734 50 3092 52 58744 53 15459 54 9275 61 12367 63 15459 65 3092 67 46376 69 18551 71 3092 72 3092 73 55652 74 9275 75 30918 76 64927 77 24734 78 27826 
1 6184 5 3092 6 3092 7 3092 8 6184 9 12367 12 12367 13 15459 14 12367 15 12367 16 15459 17 9275 18 15459 19 15459 20 15459 21 12367 22 9275 23 9275 24 9275 26 68019 27 64927 28 34009 29 3092 30 55652 32 3092 34 30918 35 68019 36 71111 37 30918 39 58744 43 24734 45 89661 46 34009 48 77294 50 6184 52 30918 53 40193 54 6184 57 6184 61 24734 63 21642 65 3092 67 34009 69 46376 71 3092 72 3092 73 6184 74 15459 75 68019 76 21642 77 80386 78 64927 
1 3092 5 3092 6 3092 7 3092 8 6184 9 9275 12 15459 13 12367 14 9275 15 9275 16 12367 17 12367 18 18551 19 12367 20 12367 21 9275 22 12367 23 12367 24 12367 26 64927 27 61835 28 37101 29 3092 30 58744 32 3092 34 34009 35 68019 36 74202 37 34009 39 61835 43 24734 44 89661 46 37101 48 83478 50 3092 52 30918 53 40193 54 6184 57 3092 61 27826 63 21642 65 3092 67 37101 69 46376 71 3092 72 3092 73 6184 74 12367 75 64927 76 21642 77 80386 78 71111 
1 3092 5 3092 6 3092 7 3092 8 6184 9 6184 10 3092 12 12367 13 9275 14 6184 15 6184 16 6184 17 9275 18 15459 19 6184 20 9275 21 6184 22 9275 23 9275 24 12367 26 46376 27 46376 28 77294 29 3092 30 55652 32 3092 34 77294 35 37101 36 49468 37 71111 39 52560 43 52560 44 34009 45 37101 48 37101 50 3092 52 74202 53 21642 54 3092 61 15459 63 12367 65 3092 67 74202 69 27826 71 3092 72 3092 73 21642 74 9275 75 40193 76 61835 77 43285 78 49468 
1 52560 2 27826 3 27826 4 34009 5 55652 6 40193 7 34009 8 64927 10 15459 11 18551 25 24734 29 64927 31 64927 32 46376 33 55652 38 49468 40 64927 41 58744 42 55652 49 71111 50 55652 51 52560 55 27826 56 9275 58 15459 59 12367 60 18551 62 37101 64 68019 65 55652 66 55652 68 27826 70 18551 71 46376 72 58744 
1 3092 5 3092 6 3092 7 3092 8 3092 9 9275 12 12367 13 9275 14 9275 15 9275 16 12367 17 12367 18 12367 19 15459 20 9275 21 9275 22 12367 23 12367 24 9275 26 61835 27 61835 28 37101 29 3092 30 58744 32 3092 34 34009 35 64927 36 74202 37 37101 39 61835 43 24734 44 77294 45 83478 46 37101 50 3092 52 30918 53 43285 54 6184 57 3092 61 21642 63 18551 65 3092 67 37101 69 43285 71 3092 72 3092 73 6184 74 12367 75 55652 76 21642 77 74202 78 71111 
1 46376 2 30918 3 37101 4 27826 5 46376 6 27826 7 30918 8 80386 10 18551 11 27826 25 34009 29 74202 31 77294 32 40193 33 46376 38 64927 40 83478 41 43285 42 49468 47 71111 50 49468 51 43285 55 37101 56 15459 58 18551 59 15459 60 24734 62 40193 64 83478 65 40193 66 46376 68 43285 70 24734 71 30918 72 61835 
1 83478 2 24734 3 24734 4 46376 5 77294 6 40193 7 52560 8 52560 9 3092 10 15459 11 15459 12 3092 13 3092 14 3092 15 3092 16 3092 17 3092 18 3092 19 3092 20 3092 21 3092 22 3092 23 3092 24 3092 25 18551 26 3092 27 3092 28 3092 29 61835 30 3092 31 52560 32 83478 33 77294 34 3092 35 3092 36 3092 37 3092 38 43285 39 3092 40 49468 41 77294 42 74202 43 3092 44 6184 45 3092 46 3092 47 55652 48 3092 49 49468 51 74202 52 3092 53 3092 54 3092 55 18551 56 9275 58 12367 59 9275 60 12367 61 3092 62 24734 64 43285 65 80386 66 74202 67 3092 68 27826 69 3092 70 12367 71 52560 72 40193 74 3092 75 3092 76 3092 77 6184 78 3092 
1 61835 2 34009 3 27826 4 40193 5 61835 6 30918 7 34009 8 40193 10 24734 11 21642 25 21642 29 46376 31 46376 32 64927 33 89661 38 43285 40 43285 41 71111 42 80386 47 52560 49 43285 50 74202 55 24734 56 12367 58 18551 59 15459 60 15459 62 21642 64 40193 65 68019 66 80386 68 37101 70 12367 71 43285 72 30918 
1 3092 5 3092 6 3092 7 3092 8 6184 9 6184 10 3092 12 9275 13 9275 14 6184 15 9275 16 9275 17 6184 18 15459 19 6184 20 9275 21 6184 22 6184 23 6184 24 9275 26 40193 27 37101 28 80386 29 3092 30 52560 32 3092 34 80386 35 40193 36 34009 37 68019 39 46376 43 58744 44 30918 45 30918 46 74202 48 30918 50 3092 53 18551 54 3092 61 12367 63 9275 65 3092 67 64927 69 21642 71 3092 72 3092 73 27826 74 9275 75 37101 76 68019 77 37101 78 40193 
1 3092 5 3092 6 9275 7 3092 8 3092 9 40193 10 6184 12 40193 13 43285 14 43285 15 30918 16 43285 17 43285 18 34009 19 37101 20 40193 21 43285 22 43285 23 43285 24 24734 26 34009 27 37101 28 21642 29 3092 30 27826 32 3092 34 18551 35 34009 36 34009 37 18551 39 24734 43 15459 44 40193 45 40193 46 21642 48 43285 50 3092 52 18551 54 21642 57 27826 61 40193 63 18551 65 3092 67 21642 69 64927 71 3092 72 3092 73 6184 74 46376 75 34009 76 15459 77 40193 78 37101 
1 3092 5 3092 6 9275 7 3092 8 3092 9 27826 10 3092 12 27826 13 37101 14 24734 15 24734 16 24734 17 24734 18 21642 19 18551 20 21642 21 30918 22 27826 23 21642 24 18551 26 3092 27 9275 28 6184 29 3092 30 6184 32 3092 34 6184 35 6184 36 6184 37 15459 39 3092 43 9275 44 6184 45 6184 46 3092 48 6184 50 3092 52 3092 53 21642 57 21642 61 30918 63 61835 65 3092 67 6184 69 18551 71 3092 72 3092 73 9275 74 24734 75 9275 76 9275 77 9275 78 6184 
1 18551 2 74202 3 77294 4 18551 5 15459 6 6184 7 9275 8 27826 10 34009 11 74202 21 3092 25 71111 29 34009 31 34009 32 12367 33 27826 38 52560 40 37101 41 18551 42 37101 47 27826 49 37101 50 18551 51 24734 56 30918 58 40193 59 37101 60 61835 62 52560 64 37101 65 18551 66 27826 68 74202 70 55652 71 12367 72 24734 73 3092 
1 12367 2 34009 3 34009 4 9275 5 3092 6 3092 7 6184 8 9275 10 40193 11 43285 24 3092 25 46376 29 9275 31 12367 32 6184 33 12367 38 18551 40 15459 41 6184 42 15459 47 9275 49 15459 50 9275 51 12367 55 30918 57 6184 58 86569 59 89661 60 52560 62 37101 64 12367 65 6184 66 12367 68 30918 70 37101 71 3092 72 6184 73 3092 76 6184 
6 3092 9 55652 10 15459 12 43285 13 34009 14 52560 15 49468 16 49468 17 43285 18 24734 19 30918 20 34009 21 30918 22 37101 23 37101 24 40193 26 3092 27 3092 35 3092 44 6184 45 3092 48 3092 53 27826 54 21642 56 6184 58 6184 59 6184 60 3092 61 21642 63 9275 69 18551 71 3092 73 3092 74 34009 75 9275 76 6184 77 3092 
1 15459 2 37101 3 37101 4 9275 5 9275 6 6184 7 3092 8 12367 10 49468 11 40193 21 3092 24 3092 25 49468 29 12367 31 15459 32 6184 33 18551 38 21642 40 18551 41 12367 42 18551 47 15459 49 18551 50 12367 51 18551 55 40193 56 86569 57 6184 59 92753 60 49468 62 40193 64 18551 65 12367 66 18551 68 34009 70 37101 71 6184 72 9275 73 3092 76 3092 
1 12367 2 34009 3 34009 4 12367 5 6184 6 6184 7 3092 8 9275 10 46376 11 43285 21 3092 24 3092 25 46376 29 9275 31 12367 32 6184 33 15459 38 18551 40 15459 41 9275 42 15459 47 12367 49 15459 50 9275 51 15459 55 37101 56 89661 57 6184 58 92753 60 52560 62 37101 64 15459 65 9275 66 15459 68 30918 70 40193 71 6184 72 9275 73 6184 76 6184 
1 12367 2 61835 3 58744 4 18551 5 6184 6 6184 7 6184 8 18551 10 27826 11 74202 25 77294 29 21642 31 21642 32 9275 33 15459 38 40193 40 24734 41 9275 42 24734 47 18551 49 24734 50 12367 51 15459 55 61835 56 52560 57 3092 58 49468 59 52560 62 55652 64 21642 65 9275 66 18551 68 52560 70 64927 71 9275 72 15459 73 6184 76 3092 
1 3092 5 3092 6 9275 7 3092 8 3092 9 37101 10 9275 12 46376 13 40193 14 37101 15 34009 16 43285 17 37101 18 37101 19 24734 20 34009 21 37101 22 43285 23 24734 24 21642 26 18551 27 27826 28 15459 29 3092 30 18551 32 3092 34 15459 35 21642 36 24734 37 18551 39 21642 43 12367 44 24734 45 27826 46 15459 48 21642 50 3092 52 12367 53 40193 54 30918 57 21642 63 21642 65 3092 67 21642 69 37101 71 3092 72 3092 73 3092 74 43285 75 24734 76 6184 77 27826 78 21642 
1 30918 2 52560 3 52560 4 18551 5 15459 6 6184 7 12367 8 30918 10 37101 11 49468 25 58744 29 37101 31 40193 32 18551 33 24734 38 49468 40 46376 41 24734 42 34009 47 37101 49 40193 50 24734 51 21642 55 52560 56 37101 58 40193 59 37101 60 55652 64 40193 65 21642 66 27826 68 49468 70 55652 71 15459 72 21642 73 3092 
6 6184 9 12367 10 3092 12 9275 13 12367 14 9275 15 12367 16 9275 17 9275 18 9275 19 6184 20 9275 21 12367 22 9275 23 9275 24 6184 26 15459 27 24734 28 12367 30 12367 34 12367 35 21642 36 21642 37 21642 39 12367 43 15459 44 21642 45 21642 46 12367 48 18551 52 9275 53 18551 54 61835 57 9275 61 21642 67 18551 69 24734 73 3092 74 12367 75 24734 76 6184 77 21642 78 15459 
1 37101 2 30918 3 37101 4 24734 5 46376 6 24734 7 21642 8 71111 10 12367 11 21642 25 27826 29 64927 31 74202 32 34009 33 43285 38 64927 40 86569 41 43285 42 43285 47 68019 49 83478 50 43285 51 40193 55 37101 56 12367 58 18551 59 15459 60 21642 62 40193 65 40193 66 43285 68 43285 70 24734 71 24734 72 58744 
1 74202 2 18551 3 18551 4 49468 5 74202 6 49468 7 52560 8 43285 9 3092 10 15459 11 12367 12 3092 13 3092 14 3092 15 3092 16 3092 17 3092 18 3092 19 3092 20 3092 21 3092 22 3092 23 3092 24 3092 25 15459 26 3092 27 3092 28 3092 29 55652 30 3092 31 49468 32 77294 33 71111 34 3092 35 3092 36 3092 37 3092 38 40193 39 3092 40 40193 41 74202 42 68019 43 3092 44 3092 45 3092 46 3092 47 55652 48 3092 49 40193 50 80386 51 68019 52 3092 53 3092 54 3092 55 18551 56 6184 58 12367 59 9275 60 9275 61 3092 62 21642 64 40193 66 74202 67 3092 68 21642 69 3092 70 12367 71 52560 72 40193 74 3092 75 3092 76 3092 77 3092 78 3092 
1 68019 2 30918 3 30918 4 37101 5 64927 6 27826 7 40193 8 43285 10 24734 11 21642 25 24734 29 52560 31 49468 32 64927 33 83478 38 46376 40 46376 41 74202 42 83478 47 55652 49 46376 50 74202 51 80386 55 27826 56 12367 58 18551 59 15459 60 18551 62 27826 64 43285 65 74202 68 34009 70 18551 71 46376 72 34009 
1 3092 5 3092 6 3092 7 3092 8 3092 9 6184 12 9275 13 9275 14 6184 15 6184 16 6184 17 9275 18 9275 19 6184 20 6184 21 6184 22 9275 23 9275 24 12367 26 52560 27 49468 28 68019 29 3092 30 52560 32 3092 34 74202 35 43285 36 49468 37 64927 39 49468 43 46376 44 34009 45 37101 46 74202 48 37101 50 3092 52 64927 53 21642 54 6184 61 21642 63 18551 65 3092 69 27826 71 3092 72 3092 73 18551 74 9275 75 43285 76 52560 77 37101 78 43285 
1 30918 2 71111 3 77294 4 30918 5 18551 6 6184 7 12367 8 34009 10 27826 11 61835 25 58744 29 43285 31 40193 32 18551 33 34009 38 58744 40 46376 41 24734 42 46376 47 27826 49 43285 50 27826 51 37101 55 74202 56 30918 58 34009 59 30918 60 52560 62 49468 64 43285 65 21642 66 34009 70 40193 71 12367 72 21642 
1 3092 5 3092 6 9275 7 3092 8 6184 9 27826 10 3092 12 30918 13 37101 14 30918 15 27826 16 27826 17 30918 18 27826 19 24734 20 34009 21 30918 22 27826 23 30918 24 21642 26 40193 27 49468 28 24734 29 3092 30 34009 32 3092 34 24734 35 46376 36 43285 37 24734 39 37101 43 18551 44 46376 45 46376 46 27826 48 43285 50 3092 52 21642 53 64927 54 18551 57 18551 61 37101 63 24734 65 3092 67 27826 71 3092 72 3092 73 6184 74 37101 75 49468 76 21642 77 46376 78 43285 
1 12367 2 52560 3 52560 4 21642 5 9275 6 6184 7 6184 8 18551 10 27826 11 61835 25 61835 29 18551 31 21642 32 9275 33 15459 38 30918 40 24734 41 12367 42 21642 47 18551 49 24734 50 12367 51 12367 55 55652 56 37101 58 37101 59 40193 60 64927 62 55652 64 24734 65 12367 66 18551 68 40193 71 9275 72 18551 73 6184 76 3092 
1 52560 2 9275 3 12367 4 49468 5 55652 6 61835 7 74202 8 40193 9 3092 10 6184 11 9275 12 3092 13 3092 14 3092 15 3092 16 3092 17 3092 18 3092 19 3092 20 3092 21 3092 22 3092 23 3092 24 3092 25 9275 26 3092 27 3092 28 3092 29 40193 30 3092 31 37101 32 61835 33 46376 34 3092 35 3092 36 3092 37 3092 38 27826 39 3092 40 24734 41 55652 42 40193 43 3092 44 3092 45 3092 46 3092 47 46376 48 3092 49 30918 50 52560 51 43285 52 3092 53 3092 54 3092 55 12367 56 3092 57 3092 58 6184 59 6184 60 9275 61 3092 62 15459 64 24734 65 52560 66 46376 67 3092 68 12367 69 3092 70 9275 72 52560 74 3092 75 3092 76 3092 77 3092 78 3092 
1 37101 2 15459 3 21642 4 34009 5 40193 6 46376 7 52560 8 74202 9 3092 10 12367 11 15459 12 3092 13 3092 14 3092 15 3092 16 3092 17 3092 18 3092 19 3092 20 3092 21 3092 22 3092 23 3092 24 3092 25 18551 26 3092 27 3092 28 3092 29 58744 30 3092 31 61835 32 43285 33 34009 34 3092 35 3092 36 3092 37 3092 38 37101 39 3092 40 52560 41 30918 42 34009 43 3092 44 3092 45 3092 46 3092 47 58744 48 3092 49 61835 50 40193 51 30918 52 3092 53 3092 54 3092 55 24734 56 6184 58 9275 59 9275 60 15459 61 3092 62 21642 64 58744 65 40193 66 34009 67 3092 68 21642 69 3092 70 18551 71 52560 74 3092 75 3092 76 3092 77 3092 78 3092 
2 3092 3 3092 4 3092 9 6184 10 6184 11 6184 12 6184 13 6184 14 6184 15 12367 16 6184 17 6184 18 6184 19 6184 20 6184 21 12367 22 6184 23 6184 24 9275 25 3092 26 6184 27 9275 28 27826 30 15459 34 27826 35 9275 36 6184 37 34009 38 3092 39 9275 43 55652 44 6184 45 6184 46 21642 48 6184 52 27826 53 6184 54 9275 55 3092 56 3092 57 3092 58 3092 59 6184 60 6184 61 3092 62 3092 63 3092 67 18551 69 6184 70 6184 74 9275 75 9275 76 43285 77 6184 78 9275 
1 3092 5 3092 6 9275 7 3092 8 3092 9 58744 10 6184 12 55652 13 49468 14 64927 15 43285 16 55652 17 58744 18 49468 19 52560 20 71111 21 61835 22 61835 23 64927 24 49468 26 12367 27 15459 28 9275 29 3092 30 9275 32 3092 34 9275 35 12367 36 9275 37 9275 39 9275 43 9275 44 15459 45 12367 46 9275 48 12367 50 3092 52 9275 53 46376 54 24734 57 34009 61 43285 63 12367 65 3092 67 9275 69 37101 71 3092 72 3092 73 9275 75 15459 76 6184 77 15459 78 9275 
1 3092 5 3092 6 3092 7 3092 8 6184 9 15459 12 12367 13 18551 14 12367 15 15459 16 12367 17 9275 18 15459 19 15459 20 15459 21 15459 22 9275 23 12367 24 12367 26 64927 27 71111 28 40193 29 3092 30 58744 32 3092 34 40193 35 74202 36 74202 37 40193 39 64927 43 30918 44 68019 45 64927 46 40193 48 55652 50 3092 52 37101 53 34009 54 9275 57 9275 61 24734 63 24734 65 3092 67 43285 69 49468 71 3092 72 3092 73 9275 74 15459 76 30918 77 64927 78 64927 
1 3092 4 3092 5 3092 6 3092 7 3092 8 6184 9 6184 10 6184 11 3092 12 9275 13 9275 14 6184 15 9275 16 6184 17 6184 18 9275 19 6184 20 9275 21 6184 22 6184 23 6184 24 15459 26 27826 27 30918 28 68019 29 3092 30 43285 32 3092 34 71111 35 30918 36 27826 37 68019 39 34009 43 64927 44 21642 45 21642 46 61835 48 21642 50 3092 52 68019 53 15459 54 9275 56 6184 57 6184 58 3092 59 6184 60 3092 61 6184 63 6184 65 3092 67 52560 69 21642 70 3092 71 3092 72 3092 73 43285 74 6184 75 30918 77 24734 78 34009 
1 6184 5 3092 6 6184 7 3092 8 6184 9 12367 12 18551 13 15459 14 12367 15 12367 16 15459 17 15459 18 24734 19 15459 20 15459 21 12367 22 15459 23 15459 24 12367 26 55652 27 64927 28 40193 29 3092 30 52560 32 3092 34 37101 35 61835 36 71111 37 37101 39 58744 43 24734 44 80386 45 80386 46 43285 48 74202 50 6184 52 37101 53 40193 54 9275 57 3092 61 27826 63 21642 65 3092 67 37101 69 46376 71 3092 72 3092 73 6184 74 15459 75 64927 76 24734 78 71111 
1 3092 5 3092 6 3092 7 3092 8 6184 9 6184 12 12367 13 9275 14 6184 15 6184 16 6184 17 9275 18 18551 19 9275 20 9275 21 6184 22 9275 23 12367 24 9275 26 68019 27 68019 28 43285 29 3092 30 61835 32 3092 34 43285 35 64927 36 80386 37 46376 39 68019 43 27826 44 64927 45 71111 46 49468 48 71111 50 3092 52 40193 53 37101 54 6184 61 21642 63 15459 65 3092 67 43285 69 43285 71 3092 72 3092 73 9275 74 9275 75 64927 76 34009 77 71111 
